# Pluto Calibration
# We preformed our own camera calibration following 
# https://medium.com/starschema-blog/offline-camera-calibration-in-ros-2-45e81df12555

image_width: 1280
image_height: 720
camera_name: front_camera
camera_matrix:
  rows: 3
  cols: 3
  data: [818.55781,   0.     , 635.779  ,
           0.     , 818.66328, 385.71974,
           0.     ,   0.     ,   1.     ]
distortion_model: plumb_bob
distortion_coefficients:
  rows: 1
  cols: 5
  data: [-0.340249, 0.086565, 0.003288, 0.000488, 0.000000]
rectification_matrix:
  rows: 3
  cols: 3
  data: [1., 0., 0.,
         0., 1., 0.,
         0., 0., 1.]
projection_matrix:
  rows: 3
  cols: 4
  data: [590.83301,   0.     , 635.1939 ,   0.     ,
           0.     , 757.57103, 392.28217,   0.     ,
           0.     ,   0.     ,   1.     ,   0.     ]